20 15
14 5 7 11 6 12 2 13 8 9 3 10 1 0 4
7 5 2 1 6 5 1 9 3 7 1 5 5 4 5
6 12 1 9 3 8 5 7 11 0 2 14 13 4 10
9 3 1 7 2 5 3 6 5 10 2 1 4 4 5
5 0 2 13 11 8 6 10 7 4 1 14 9 3 12
8 9 4 1 6 9 2 9 8 9 8 6 10 1 6
11 14 6 3 0 5 12 13 2 7 8 1 10 4 9
1 8 4 4 7 8 1 4 9 7 8 6 7 1 9
5 0 13 14 9 1 10 8 11 7 2 6 3 4 12
8 8 1 1 1 9 9 6 7 3 2 6 7 5 6
8 1 14 11 2 5 0 10 9 13 4 7 3 12 6
2 9 6 6 3 7 7 7 4 7 2 5 10 2 9
7 4 0 8 12 14 3 9 10 13 1 6 5 2 11
5 2 4 6 1 1 9 7 6 7 10 6 9 3 6
7 14 5 6 12 1 0 4 13 10 3 11 8 9 2
3 6 9 10 1 8 4 1 3 5 5 2 9 3 9
2 9 7 5 13 11 0 12 3 6 1 14 10 8 4
10 4 10 9 5 10 4 3 4 8 2 4 2 4 6
7 10 2 5 9 0 3 1 13 4 14 6 8 12 11
2 4 5 9 4 7 9 9 1 2 9 1 9 3 10
10 7 0 3 9 5 13 12 4 14 1 2 11 8 6
1 2 10 6 5 5 1 2 7 10 10 6 6 9 4
10 4 11 14 9 12 1 0 6 5 13 7 2 8 3
2 1 7 1 2 1 4 4 8 1 4 8 8 7 9
4 8 13 1 12 3 11 10 5 9 6 7 0 2 14
5 2 6 5 5 6 8 5 9 4 6 2 6 6 4
3 1 11 6 8 10 12 4 5 14 2 7 9 13 0
9 1 4 8 6 6 8 2 9 8 4 8 6 8 2
11 8 0 12 3 4 5 14 1 7 9 2 10 6 13
3 2 1 5 3 2 6 6 3 2 7 8 6 5 1
6 0 2 4 10 3 8 7 14 1 5 12 11 13 9
9 7 8 7 7 10 2 3 8 5 7 10 4 7 2
11 7 0 13 14 3 9 8 6 4 2 1 12 10 5
3 7 10 7 3 10 2 2 2 3 9 3 3 5 6
10 9 12 5 8 1 7 0 13 11 14 4 3 2 6
2 10 2 7 4 6 3 9 6 4 5 6 4 10 9
14 10 6 8 13 0 9 11 5 3 4 2 12 7 1
9 9 6 1 3 9 9 7 8 1 2 4 3 10 5
6 11 0 13 1 12 7 3 8 14 9 5 10 4 2
5 7 5 1 9 1 2 3 2 2 10 6 10 3 6
